100 100
1111111111111111111111111111111111111111111111111101111111111111111111111111111111111111111111111111
0000000000000000000000000000000000000000000000000100000000000000000000000000000000000000000000000000
1111111111101011111111101011111111101011111111110101111111111010111111111010111111111010111111111111
1111111111101011111111101011111111101011111111110101111111111010111111111010111111111010111111111111
1111111111101011111111101011111111101011111111110101111111111010111111111010111111111010111111111111
1111111100101010011111101011111100101010011111110101111111001010100111111010111111001010100111111111
1111111111101011111111101011111111101011111111110101111111111010111111111010111111111010111111111111
1111111010101010101111101011111010101010101111110101111110101010101011111010111110101010101011111111
1111111010101010101111101011111010101010101111110101111110101010101011111010111110101010101011111111
1111100110101010110011101011100110101010110011110101111001101010101100111010111001101010101100111111
1110111110101010111110101010111110101010111110110101101111101010101111101010101111101010101111101111
1110100000101010000010101010100000101010000010110101101000001010100000101010101000001010100000101111
1111111111101011111111101011111111101011111111110101111111111010111111111010111111111010111111111111
0000000000111110000000001000000000111110000000000100000000001111100000000010000000001111100000000000
1111111111101011111111101011111111101011111111110101111111111010111111111010111111111010111111111111
1110100000101010000010101010100000101010000010110101101000001010100000101010101000001010100000101111
1110111110101010111110101010111110101010111110110101101111101010101111101010101111101010101111101111
1111100110101010110011101011100110101010110011110101111001101010101100111010111001101010101100111111
1111111010101010101111101011111010101010101111110101111110101010101011111010111110101010101011111111
1111111010101010101111101011111010101010101111110101111110101010101011111010111110101010101011111111
1111111111101011111111101011111111101011111111110101111111111010111111111010111111111010111111111111
1111111100101010011111101011111100101010011111110101111111001010100111111010111111001010100111111111
1111111111101011111111101011111111101011111111110101111111111010111111111010111111111010111111111111
0000000000001000000000001000000000001000000000000100000000000010000000000010000000000010000000000000
1111111111101111111111101011111111111011111111110101111111111011111111111010111111111110111111111111
0000000000000000000000111110000000000000000000000100000000000000000000001111100000000000000000000000
1111111111101111111111101011111111111011111111110101111111111011111111111010111111111110111111111111
0000000000001000000000001000000000001000000000000100000000000010000000000010000000000010000000000000
1111111111101011111111101011111111101011111111110101111111111010111111111010111111111010111111111111
1111111100101010011111101011111100101010011111110101111111001010100111111010111111001010100111111111
1111111111101011111111101011111111101011111111110101111111111010111111111010111111111010111111111111
1111111010101010101111101011111010101010101111110101111110101010101011111010111110101010101011111111
1111111010101010101111101011111010101010101111110101111110101010101011111010111110101010101011111111
1111100110101010110011101011100110101010110011110101111001101010101100111010111001101010101100111111
1110111110101010111110101010111110101010111110110101101111101010101111101010101111101010101111101111
1110100000101010000010101010100000101010000010110101101000001010100000101010101000001010100000101111
1111111111101011111111101011111111101011111111110101111111111010111111111010111111111010111111111111
0000000000111110000000001000000000111110000000000100000000001111100000000010000000001111100000000000
1111111111101011111111101011111111101011111111110101111111111010111111111010111111111010111111111111
1110100000101010000010101010100000101010000010110101101000001010100000101010101000001010100000101111
1110111110101010111110101010111110101010111110110101101111101010101111101010101111101010101111101111
1111100110101010110011101011100110101010110011110101111001101010101100111010111001101010101100111111
1111111010101010101111101011111010101010101111110101111110101010101011111010111110101010101011111111
1111111010101010101111101011111010101010101111110101111110101010101011111010111110101010101011111111
1111111111101011111111101011111111101011111111110101111111111010111111111010111111111010111111111111
1111111100101010011111101011111100101010011111110101111111001010100111111010111111001010100111111111
1111111111101011111111101011111111101011111111110101111111111010111111111010111111111010111111111111
1111111111101011111111101011111111101011111111110101111111111010111111111010111111111010111111111111
0000000000000000000000001000000000000000000000000100000000000000000000000010000000000000000000000000
1111111111111111111111101111111111111111111111110101111111111111111111111110111111111111111111111111
0000000000000000000000000000000000000000000000011111000000000000000000000000000000000000000000000000
1111111111111111111111101111111111111111111111110101111111111111111111111110111111111111111111111111
0000000000000000000000001000000000000000000000000100000000000000000000000010000000000000000000000000
1111111111101011111111101011111111101011111111110101111111111010111111111010111111111010111111111111
1111111111101011111111101011111111101011111111110101111111111010111111111010111111111010111111111111
1111111100101010011111101011111100101010011111110101111111001010100111111010111111001010100111111111
1111111111101011111111101011111111101011111111110101111111111010111111111010111111111010111111111111
1111111010101010101111101011111010101010101111110101111110101010101011111010111110101010101011111111
1111111010101010101111101011111010101010101111110101111110101010101011111010111110101010101011111111
1111100110101010110011101011100110101010110011110101111001101010101100111010111001101010101100111111
1110111110101010111110101010111110101010111110110101101111101010101111101010101111101010101111101111
1110100000101010000010101010100000101010000010110101101000001010100000101010101000001010100000101111
1111111111101011111111101011111111101011111111110101111111111010111111111010111111111010111111111111
0000000000111110000000001000000000111110000000000100000000001111100000000010000000001111100000000000
1111111111101011111111101011111111101011111111110101111111111010111111111010111111111010111111111111
1110100000101010000010101010100000101010000010110101101000001010100000101010101000001010100000101111
1110111110101010111110101010111110101010111110110101101111101010101111101010101111101010101111101111
1111100110101010110011101011100110101010110011110101111001101010101100111010111001101010101100111111
1111111010101010101111101011111010101010101111110101111110101010101011111010111110101010101011111111
1111111010101010101111101011111010101010101111110101111110101010101011111010111110101010101011111111
1111111111101011111111101011111111101011111111110101111111111010111111111010111111111010111111111111
1111111100101010011111101011111100101010011111110101111111001010100111111010111111001010100111111111
1111111111101011111111101011111111101011111111110101111111111010111111111010111111111010111111111111
0000000000001000000000001000000000001000000000000100000000000010000000000010000000000010000000000000
1111111111101111111111101011111111111011111111110101111111111011111111111010111111111110111111111111
0000000000000000000000111110000000000000000000000100000000000000000000001111100000000000000000000000
1111111111101111111111101011111111111011111111110101111111111011111111111010111111111110111111111111
0000000000001000000000001000000000001000000000000100000000000010000000000010000000000010000000000000
1111111111101011111111101011111111101011111111110101111111111010111111111010111111111010111111111111
1111111100101010011111101011111100101010011111110101111111001010100111111010111111001010100111111111
1111111111101011111111101011111111101011111111110101111111111010111111111010111111111010111111111111
1111111010101010101111101011111010101010101111110101111110101010101011111010111110101010101011111111
1111111010101010101111101011111010101010101111110101111110101010101011111010111110101010101011111111
1111100110101010110011101011100110101010110011110101111001101010101100111010111001101010101100111111
1110111110101010111110101010111110101010111110110101101111101010101111101010101111101010101111101111
1110100000101010000010101010100000101010000010110101101000001010100000101010101000001010100000101111
1111111111101011111111101011111111101011111111110101111111111010111111111010111111111010111111111111
0000000000111110000000001000000000111110000000000100000000001111100000000010000000001111100000000000
1111111111101011111111101011111111101011111111110101111111111010111111111010111111111010111111111111
1110100000101010000010101010100000101010000010110101101000001010100000101010101000001010100000101111
1110111110101010111110101010111110101010111110110101101111101010101111101010101111101010101111101111
1111100110101010110011101011100110101010110011110101111001101010101100111010111001101010101100111111
1111111010101010101111101011111010101010101111110101111110101010101011111010111110101010101011111111
1111111010101010101111101011111010101010101111110101111110101010101011111010111110101010101011111111
1111111111101011111111101011111111101011111111110101111111111010111111111010111111111010111111111111
1111111100101010011111101011111100101010011111110101111111001010100111111010111111001010100111111111
1111111111101011111111101011111111101011111111110101111111111010111111111010111111111010111111111111
1111111111101011111111101011111111101011111111110101111111111010111111111010111111111010111111111111
1111111111101011111111101011111111101011111111110101111111111010111111111010111111111010111111111111
1111111111101011111111101011111111101011111111110101111111111010111111111010111111111010111111111111